1484453553
1484584070
1485720906
1486329645
1486763351
1487401596
1487408318
1487521397
1487609983
1487778207
1490130367
1492006246
1492022506
1492048594
1492184241
1492248438
1492393962
1492424838
1492517489
1492529118
1494687854
1494812260
1495052588
1497195244
1497794694
1499030434
1500532989
1501280697
1501599483
1502994365
1505039787
1506713113
1507400632
1508097950
1508747130
1511094689
1511475550
1512104301
1514869187
1514869194
1517622314
1521244385
1522536071
1522536150
1522536192
1522536232
1522536249
1522755449
1522966287
1523719392
1532321427
1532966106
1533382133
1536103835
1537803364
1538191775
1538837970
1538843612
1539011362
1539145012
1540067049
1541264139
1541265767
1541363218
1541492046
1543776612
1543781460
1543862963
1544045069
1546324617
1546462004
1547704906
1547988212
1548535365
1550991723
1551698594
1555283479
1556863091
1558154180
1558154248
1559760357
1559961551
1560686023
1563765745
1563967069
1564594114
1565553920
1566093582
1566606036
1568679967
1569197606
1570916662
1571352011
1571677925
1571844630
1574215598
1575956856
1576583225
1576681668
1576972765
1577484756
1578707264
1578840671
1579312122
1579798725
1580523721
1581179299
1581804931
1582142885
1583101631
1584326752
1584568651
1584707613
1585490889
1586735512
1586799270
1587327805
1587407955
1587486826
1587564073
1587588791
1587774173
1587896003
1588700561
1588714463
1589991018
1590490693
1591888297
1592031274
1593241373
1594160951
1594227869
1594429603
1595262183
1596347234
1596695194
1597249825
1597842669
1599011731
1600181398
1601162157
1601773613
1603219072
1605108099
1605122985
1605200196
1605298028
1605538733
1606093252
1607177364
1607232431
1607531887
1608223562
1609188207
1609297028
1609459987
1609471412
1609687178
1610296035
1611245909
1611520374
1613029659
1613567200
1613667824
1615640331
1616329196
1616900068
1616979927
1617048659
1617127304
1618052390
1618950366
1619618520
1619917117
1619965373
1621701778
1623093424
1624328797
1624407437
1624713066
1624811397
1624925625
1625963110
1626408184
1626996218
1627451254
1627740037
1627921596
1628022159
1629042100
1629843611
1629864134
1629976936
1630758630
1630945028
1633560565
1633923930
1635617028
1636642811
1637735430
1639288588
1640111186
1642912749
1644098793
1644212230
1645170708
1645436093
1646378140
1647997618
1649365332
1650665537
1650686082
1651329180
1653721723
1653787135
1654140410
1654552839
1656581631
1657815257
1658372649
1661987565
1662131746
1662878666
1663286512
1663479582
1664223357
1664645785
1664994800
1665108557
1665868319
1665971018
1666538637
1668301558
1668707777
1669707216
1670162342
1671378587
1673193814
1675031677
1675076090
1680020947
1680573528
1680621708
1681401617
1682630490
1684159477
1684530243
1686222983
1687993858
1688320962
1688374495
1688849043
1696004617
1696877729
1697235352
1697340561
1698481614
1698622016
1699102391
1699233984
1699646159
1699681133
1699690758
1699752338
1699811542
1699818805
1699907445
1699907496
1699907527
1699907877
1699908458
1700043700
1700044300
1700059827
1700088510
1700569552
1701044524
1701562164
1702401159
1703073391
1705397666
1705432759
1705445741
1705462378
1706952473
1707775753
1707777839
1708733364
1709223907
1710178192
1710256258
1711119585
1711212668
1711792603
1712510052
1713703552
1714479378
1715503945
1724103626
1727785917
1728860790
1731352236
1731431052
1737141911
1737141920
1737141944
1737689872
1737762077
1737904907
1738449911
1740325917
1744228977
1745769226
1747726695
1747953512
1749496104
1749638342
1749655270
1750085493
1750771083
1751380102
1751868866
1752035858
1752178198
1752310202
1752471070
1753146160
1753153533
1753402913
1753536410
1753784054
1753809393
1758776684
1758986267
1759096460
1760832304
1760978495
1761624860
1761712003
1763906295
1763971409
1764004778
1764004797
1764225456
1764339448
1764399411
1764413578
1764442859
1764443625
1764606837
1764887481
1764909759
1764945428
1764992237
1764995210
1765394611
1765395041
1765410852
1765421006
1765490311
1765585148
1765585222
1765641514
1765746455
1765809705
1765861876
1765935412
1765935515
1765982361
1765990570
1766051192
1766122689
1766256189
1766265770
1766314190
1766324747
1766327850
1766350362
1766362045
1766367037
1766508294
1766618544
1766666116
1766673793
1766683140
1766695455
1766760458
1766778936
1766873332
1767147141
1767197200
1767228568
1767255050
1767260689
1767260709
1767260718
1767260753
1767268119
1767273852
1767273928
1767293472
1767376648
1767395326
1767400944
1767485213
1767497565
1767529855
1767535579
1767578073
1767620500
1767711812
1767713477
1767908401
1767963971
1768049850
1768055321
1768061645
1768087119
1768121080
1768126356
1768140054
1768141763
1768162972
1768204208
1768254253
1768270036
1768324662
1768384405
1768390747
1768392027
1768402147
1768425261
1768425572
1768428854
1768519879
1768571109
1768668239
1768712591
1768873101
1768873761
1769208651
1769277201
1769287256
1769347905
1769365605
1769371891
1769457151
1769512236
1769532853
1769564173
1769726689
1769812656
1769823826
1769834382
1769846872
1769847016
1769847834
1769848000
1769848067
1769861906
1769867595
1769903501
1770015440
1770050653
1770088927
1770200442
1770238484
1770253120
1770256647
1770262798
1770266165
1770298538
6839748557
